4.637504861618598206e-01
6.302381066009279387e-01
-5.827482076947780865e-01
3.592070178853694340e-02
6.027372754313091718e-01
6.535985507728608868e-01
-2.240109672022207454e-01
1.915461058558108054e-01
4.210471313160364382e-01
-3.604220710760357993e-01
-6.560702048522144558e-01
6.997368214310817347e-02
8.176154404151387833e-01
-3.260801627840011485e-01
2.688932261987021510e-01
-8.997254699147110291e-01
-3.446685727272248423e-01
-2.046067196909658881e-01
-2.415039792109825723e-01
-7.233481969163723102e-01
2.195868027545173351e-01
-5.542314273022792559e-01
-1.000000000000000000e+00
-8.318965248198086915e-01
2.176848073854508736e-01
5.113816062314091582e-01
-3.008747312343086344e-01
7.090463766372262500e-01
-6.514869064339066096e-01
5.949113879615864908e-01
7.907904707093692531e-01
2.801956718904861088e-01
-1.460562337103822050e-01
-7.597708760585341059e-01
-2.909554576665959735e-01
3.303654170393018896e-01
-2.436673981980589099e-01
2.682186526382471792e-01
-2.552300134346808802e-01
4.719534981573703103e-01
4.369722950921485216e-01
-5.930739960942856825e-01
2.310159195372915586e-02
5.485212465985821878e-02
-1.000000000000000000e+00
-5.845630919545861115e-01
7.016152258602885716e-01
5.561371502789703714e-01
3.607924760913662765e-01
5.464692823190306914e-01
-4.660702268558274963e-01
3.772364531954944811e-01
-2.522417497040496670e-02
9.117122087496285499e-01
2.998857689115334568e-01
5.050968921348046869e-01
-6.038479456104272058e-01
-5.502849151807362449e-02
5.141470373599107413e-01
6.728204763421005152e-01
6.930311082661698707e-01
-2.872313945507720678e-01
2.406389279745412280e-01
2.328167966042195836e-01
1.000000000000000000e+00
8.167739147397161670e-01
-5.694978455751135149e-01
-9.522795005451278882e-01
1.587754082862009863e-01
7.919200072060976758e-01
-2.391460725305142032e-01
-5.852890443504543683e-01
2.434292854821209495e-01
-2.499302430338044834e-02
2.195788021049122907e-01
-6.106473253753975650e-01
-8.048794975320081591e-01
6.320889196161044721e-01
-6.356811756037156202e-01
1.000000000000000000e+00
-3.145659625892859301e-01
3.949838181462749231e-01
1.000000000000000000e+00
1.000000000000000000e+00
-4.553723931712866380e-01
-7.528585835273431115e-02
-4.069858962906329758e-01
-2.284946310146272752e-02
-7.588161616998512216e-01
3.633600354766917118e-01
-6.616726355895121703e-01
3.175657103227321199e-01
-2.067327121032483395e-01
-6.019872791299205605e-01
-1.000000000000000000e+00
-6.704516453864820535e-01
-6.562895407682836080e-01
3.136060608947172645e-01
-1.000000000000000000e+00
2.430736863352831179e-01
-4.809908019616744301e-01
-2.196769590370226122e-02
-2.625275133937947647e-01
6.516040075091678041e-02
-1.987496171078520502e-01
-6.629016264687581650e-01
-4.964367353940786765e-01
-7.471682311118648112e-01
-5.273759522089583873e-01
6.661559036267258316e-01
-6.457889078570809849e-01
2.836074115387808847e-01
1.466058673445354288e-01
-1.448648433259599744e-01
-1.939003842118970922e-01
7.837737100593039630e-02
7.140303177892459718e-02
-6.835121193111388660e-01
5.174363500111778258e-01
-8.517029631449918314e-02
-2.799643484501880275e-01
1.986329003871209753e-01
-7.755649388010203982e-01
1.000000000000000000e+00
9.115489976272894701e-01
-8.098467134305664672e-01
-6.478396027050040140e-02
-4.604383859327584871e-01
3.634649503699892703e-01
6.197114778785366429e-01
7.438556282489109384e-01
6.458050139580923110e-01
4.888757223789083062e-01
-1.000000000000000000e+00
-3.351970757867253070e-01
2.936343843951874644e-01
5.657689835588876059e-01
3.824568837709335645e-02
2.552838556331414877e-01
1.000000000000000000e+00
-9.942685705939353635e-01
-2.376330101440961295e-01
1.329252210784285897e-02
7.094565009507745046e-01
-6.444623880607623923e-01
1.000000000000000000e+00
-8.587161463842344356e-01
3.647791182310891611e-01
-2.232579459342073358e-01
6.140569224460662445e-01
-3.693386469593321619e-01
7.544121970972534896e-01
-5.516189998429948949e-01
-2.981862246178603737e-01
4.598456723830605108e-01
4.924314880079780909e-01
1.019688495821536589e-01
-2.263462671647059610e-01
1.581171609667599010e-01
5.787757976026316475e-01
1.000000000000000000e+00
9.062025753297078823e-02
2.277876588232188582e-01
2.100797505434472967e-01
-6.222207758190250182e-01
5.799983439234904781e-01
-2.103312502309433174e-03
-6.351346972147533521e-01
-4.315245710516370514e-01
3.620760897475852613e-01
9.495421376922956458e-02
6.766857804186223735e-01
8.591727532078018148e-02
-4.426710778830302007e-02
5.131149688011760190e-01
-2.942356663550691476e-01
7.512827679230577038e-01
-2.984047218482878128e-01
6.944631130911148587e-01
-8.549064023950458946e-02
-2.997424076815421445e-01
-5.229513270663889157e-01
1.000000000000000000e+00
5.317154257902118042e-01
2.672948049472315679e-01
2.655192815165862141e-01
-8.362900805771930068e-01
-7.689755343304242041e-01
8.573854960528770608e-01
-1.744677608139483249e-01
8.311519755784223251e-02
-3.904388446114568367e-01
8.761127811561469914e-01
-4.410310251843829743e-01
5.013802558136268850e-01
6.810019111162555205e-01
-7.900657885290733873e-01
4.027146121175563809e-01
3.816630204439515062e-01
-1.049848404008325575e-01
1.905548358605532455e-01
-3.280071350978371880e-01
-3.893455823471114741e-01
-4.528983296877096137e-03
-4.125145762143245798e-01
3.973596600424653125e-01
-8.770840456459790824e-01
-9.627020258864896207e-02
-1.607973035695938746e-01
-1.000000000000000000e+00
-7.770232531643128659e-01
-3.586707774052394493e-01
1.408349708635259212e-02
8.068483243081012724e-01
-4.128871168590919627e-01
-1.596038589485560266e-01
1.987178803729283405e-01
7.090229599172539476e-01
-5.854856812795885546e-01
7.317389987691695907e-01
-5.764769961005036247e-01
-1.687309590405060566e-01
-1.062253841854698400e-01
4.544133406558695798e-01
5.036702054424454511e-01
-3.227863540805344655e-01
9.075571932258587049e-01
4.629102698984208231e-01
1.535894777741894923e-01
5.674247295238401545e-01
-8.238120256050414369e-02
-1.239524393345207698e-01
-6.449390509850616571e-01
4.336393798228366792e-01
-8.042211330687630833e-01
-5.588033355464541163e-01
-2.962336079483882112e-01
-1.412461617052350737e-01
-3.941870568111226492e-01
-7.444280738165787170e-01
1.355449144500384395e-01
-5.186355160717015522e-01
-1.758958467218862398e-01
-5.825656470339435344e-01
-1.704716569696113071e-02
-8.965682176639764300e-01
6.576659158326476629e-01
5.236167392179816860e-01
5.602429060279281448e-01
-2.009111527527028263e-01
-3.568352336573694661e-01
-2.039883094026832822e-01
-4.662320697643694833e-01
-2.456054681693042308e-01
5.263901445404889357e-01
-2.010538356409985183e-01
7.708513832357416495e-02
-2.315773175967358322e-01
7.327106782927872430e-02
4.612551173355189382e-01
5.551829868070830010e-01
4.317495845942071614e-02
2.631224682659853986e-01
6.815247517798332932e-01
-1.584399974918718479e-01
